#MODEL
frame

#TYPE
dynamic

#DELTATIME
0.01

#TIME
5

#NODES
1,1.50,0,1,1,1,0,0,0,0,0,0
2,1.50,0.25,0,0,0,0,0,0,0,0,0
3,1.50,0.50,0,0,0,0,0,0,0,0,0
4,1.50,0.75,0,0,0,0,0,0,0,0,0
5,1.50,1.00,0,0,0,0,0,0,0,0,0
6,1.50,1.25,0,0,0,0,0,0,0,0,0
7,1.50,1.50,0,0,0,0,0,0,0,0,0
8,1.50,1.75,0,0,0,0,0,0,0,0,0
9,1.50,2.00,0,0,0,0,0,0,0,0,0
10,1.125,2.00,0,0,0,0,0,0,0,0,0
11,0.75,2.00,0,0,0,0,0,0,0,0,0
12,0.375,2.00,0,0,0,0,0,0,0,0,0
13,0,2.00,0,0,0,0,0,0,0,0,0
14,0,1.75,0,0,0,0,0,0,0,0,0
15,0,1.50,0,0,0,0,0,0,0,0,0
16,0,1.25,0,0,0,0,0,0,0,0,0
17,0,1.00,0,0,0,0,0,0,0,0,0
18,0,0.75,0,0,0,0,0,0,0,0,0
19,0,0.50,0,0,0,0,0,0,0,0,0
20,0,0.25,0,0,0,0,0,0,0,0,0
21,0,0.00,1,1,1,0,0,0,0,0,0
22,0.375,1.00,0,0,0,0,0,0,0,0,0
23,0.75,1.00,0,0,0,0,0,0,0,0,0
24,1.125,1.00,0,0,0,0,0,0,0,0,0

#ELEMENTS
1,1,2,2.1e11,0.0006,1.125e-8,7800,local,0,0
2,2,3,2.1e11,0.0006,1.125e-8,7800,local,0,0
3,3,4,2.1e11,0.0006,1.125e-8,7800,local,0,0
4,4,5,2.1e11,0.0006,1.125e-8,7800,local,0,0
5,5,6,2.1e11,0.0006,1.125e-8,7800,local,0,0
6,6,7,2.1e11,0.0006,1.125e-8,7800,local,0,0
7,7,8,2.1e11,0.0006,1.125e-8,7800,local,0,0
8,8,9,2.1e11,0.0006,1.125e-8,7800,local,0,0
9,9,10,2.1e11,0.0006,1.125e-8,7800,local,0,0
10,10,11,2.1e11,0.0006,1.125e-8,7800,local,0,0
11,11,12,2.1e11,0.0006,1.125e-8,7800,local,0,0
12,12,13,2.1e11,0.0006,1.125e-8,7800,local,0,0
13,13,14,2.1e11,0.0006,1.125e-8,7800,local,0,0
14,14,15,2.1e11,0.0006,1.125e-8,7800,local,0,0
15,15,16,2.1e11,0.0006,1.125e-8,7800,local,0,0
16,16,17,2.1e11,0.0006,1.125e-8,7800,local,0,0
17,17,18,2.1e11,0.0006,1.125e-8,7800,local,0,0
18,18,19,2.1e11,0.0006,1.125e-8,7800,local,0,0
19,19,20,2.1e11,0.0006,1.125e-8,7800,local,0,0
20,20,21,2.1e11,0.0006,1.125e-8,7800,local,0,0
21,17,22,2.1e11,0.0006,1.125e-8,7800,local,0,0
22,22,23,2.1e11,0.0006,1.125e-8,7800,local,0,0
23,23,24,2.1e11,0.0006,1.125e-8,7800,local,0,0
24,24,5,2.1e11,0.0006,1.125e-8,7800,local,0,0