#MODEL
frame

#TYPE
dynamic

#DELTATIME
0.01

#TIME
5

#NODES
1,0.0,0,1,1,0,0,0,0,0,0,0
2,0.07625,0,1,0,0,0,0,0,0,0,0
3,0.1525,0,1,0,0,0,0,0,0,0,0
4,0.22875,0,1,0,0,0,0,0,0,0,0
5,0.305,0,1,0,0,0,0,0,0,0,0
6,0.38125,0,1,0,0,0,0,0,0,0,0
7,0.4575,0,1,0,0,0,0,0,0,0,0
8,0.53375,0,1,0,0,0,0,0,0,0,0
9,0.61,0,1,0,0,0,0,0,0,0,0
10,0.68625,0,1,0,0,0,0,0,0,0,0
11,0.7625,0,1,0,0,0,0,0,0,0,0
12,0.83875,0,1,0,0,0,0,0,0,0,0
13,0.915,0,1,0,0,0,0,0,0,0,0
14,0.99125,0,1,0,0,0,0,0,0,0,0
15,1.0675,0,1,0,0,0,0,0,0,0,0
16,1.14375,0,1,0,0,0,0,0,0,0,0
17,1.22,0,1,0,0,0,0,0,0,0,0
18,1.29625,0,1,0,0,0,0,0,0,0,0
19,1.3725,0,1,0,0,0,0,0,0,0,0
20,1.44875,0,1,0,0,0,0,0,0,0,0
21,1.525,0,1,0,0,0,0,0,0,0,0
22,1.60125,0,1,0,0,0,0,0,0,0,0
23,1.6775,0,1,0,0,0,0,0,0,0,0
24,1.75375,0,1,0,0,0,0,0,0,0,0
25,1.83,0,1,0,0,0,0,0,0,0,0
26,1.90625,0,1,0,0,0,0,0,0,0,0
27,1.9825,0,1,0,0,0,0,0,0,0,0
28,2.05875,0,1,0,0,0,0,0,0,0,0
29,2.135,0,1,0,0,0,0,0,0,0,0
30,2.21125,0,1,0,0,0,0,0,0,0,0
31,2.2875,0,1,0,0,0,0,0,0,0,0
32,2.36375,0,1,0,0,0,0,0,0,0,0
33,2.44,0,1,1,0,0,0,0,0,0,0

#ELEMENTS
1,1,2,199950000000.0,0.00304,4.29e-05,7837.1,local,0,0
2,2,3,199950000000.0,0.00304,4.29e-05,7837.1,local,0,0
3,3,4,199950000000.0,0.00304,4.29e-05,7837.1,local,0,0
4,4,5,199950000000.0,0.00304,4.29e-05,7837.1,local,0,0
5,5,6,199950000000.0,0.00304,4.29e-05,7837.1,local,0,0
6,6,7,199950000000.0,0.00304,4.29e-05,7837.1,local,0,0
7,7,8,199950000000.0,0.00304,4.29e-05,7837.1,local,0,0
8,8,9,199950000000.0,0.00304,4.29e-05,7837.1,local,0,0
9,9,10,199950000000.0,0.00304,4.29e-05,7837.1,local,0,0
10,10,11,199950000000.0,0.00304,4.29e-05,7837.1,local,0,0
11,11,12,199950000000.0,0.00304,4.29e-05,7837.1,local,0,0
12,12,13,199950000000.0,0.00304,4.29e-05,7837.1,local,0,0
13,13,14,199950000000.0,0.00304,4.29e-05,7837.1,local,0,0
14,14,15,199950000000.0,0.00304,4.29e-05,7837.1,local,0,0
15,15,16,199950000000.0,0.00304,4.29e-05,7837.1,local,0,0
16,16,17,199950000000.0,0.00304,4.29e-05,7837.1,local,0,0
17,17,18,199950000000.0,0.00304,4.29e-05,7837.1,local,0,0
18,18,19,199950000000.0,0.00304,4.29e-05,7837.1,local,0,0
19,19,20,199950000000.0,0.00304,4.29e-05,7837.1,local,0,0
20,20,21,199950000000.0,0.00304,4.29e-05,7837.1,local,0,0
21,21,22,199950000000.0,0.00304,4.29e-05,7837.1,local,0,0
22,22,23,199950000000.0,0.00304,4.29e-05,7837.1,local,0,0
23,23,24,199950000000.0,0.00304,4.29e-05,7837.1,local,0,0
24,24,25,199950000000.0,0.00304,4.29e-05,7837.1,local,0,0
25,25,26,199950000000.0,0.00304,4.29e-05,7837.1,local,0,0
26,26,27,199950000000.0,0.00304,4.29e-05,7837.1,local,0,0
27,27,28,199950000000.0,0.00304,4.29e-05,7837.1,local,0,0
28,28,29,199950000000.0,0.00304,4.29e-05,7837.1,local,0,0
29,29,30,199950000000.0,0.00304,4.29e-05,7837.1,local,0,0
30,30,31,199950000000.0,0.00304,4.29e-05,7837.1,local,0,0
31,31,32,199950000000.0,0.00304,4.29e-05,7837.1,local,0,0
32,32,33,199950000000.0,0.00304,4.29e-05,7837.1,local,0,0
